11.443176,14.072799,0.222486,0.004482,0.000088,0.000002,0.000000,0.000000,0.000000,0.000000,0.000000,0.000000,0.000000,0.000000,0.000000,0.000000,0.000000,0.000007,0.000104,0.000106,0.000008,0.000000,0.000000,0.000016,0.001124,0.090073,9.195751,25.018072,1.296790,0.036915,
50.400902,13.043060,0.169197,0.002901,0.000053,0.000001,0.000000,0.000001,0.000014,0.000001,0.000000,0.000000,0.000000,0.000000,0.000000,0.000000,0.000011,0.000305,0.005956,0.005930,0.000320,0.000012,0.000001,0.000007,0.000361,0.019557,1.027690,47.635110,46.862296,0.805727,
48.082264,1.097963,0.022049,0.000432,0.000008,0.000000,0.000002,0.000055,0.000784,0.000055,0.000002,0.000000,0.000000,0.000000,0.000000,0.000007,0.000312,0.011924,0.334645,0.365324,0.012158,0.000344,0.000009,0.000002,0.000090,0.005016,0.285991,17.639631,1.072869,0.031987,
10.121208,0.256010,0.004948,0.000095,0.000002,0.000002,0.000083,0.002346,0.044267,0.002346,0.000083,0.000002,0.000000,0.000000,0.000002,0.000115,0.006402,0.347586,16.933391,23.487216,0.384123,0.006923,0.000140,0.000003,0.000005,0.000234,0.009021,0.268016,0.022522,0.000941,
0.236849,0.008809,0.000243,0.000006,0.000001,0.000055,0.002346,0.088424,2.501462,0.088424,0.002346,0.000055,0.000001,0.000000,0.000006,0.000329,0.018892,1.044509,55.586595,31.065415,0.859056,0.024753,0.000594,0.000013,0.000000,0.000007,0.000223,0.004359,0.000459,0.000024,
0.004242,0.000231,0.000009,0.000001,0.000014,0.000784,0.044267,2.501462,141.440624,2.501462,0.044267,0.000784,0.000014,0.000000,0.000001,0.000029,0.001378,0.055882,1.654257,18.223041,0.332470,0.005928,0.000118,0.000003,0.000000,0.000000,0.000005,0.000073,0.000009,0.000001,
0.000075,0.000006,0.000000,0.000000,0.000001,0.000055,0.002346,0.088424,2.501462,0.088424,0.002346,0.000055,0.000001,0.000000,0.000000,0.000001,0.000055,0.001848,0.043458,1.158405,0.011680,0.000270,0.000007,0.000000,0.000000,0.000000,0.000000,0.000001,0.000000,0.000000,
0.000001,0.000000,0.000000,0.000000,0.000000,0.000002,0.000083,0.002346,0.044267,0.002346,0.000083,0.000002,0.000000,0.000000,0.000000,0.000000,0.000002,0.000046,0.000869,0.006358,0.000236,0.000009,0.000000,0.000000,0.000000,0.000000,0.000000,0.000000,0.000000,0.000000,
0.000000,0.000000,0.000000,0.000000,0.000000,0.000000,0.000002,0.000055,0.000784,0.000055,0.000003,0.000000,0.000000,0.000000,0.000001,0.000007,0.000001,0.000001,0.000016,0.000072,0.000005,0.000000,0.000000,0.000000,0.000000,0.000000,0.000000,0.000000,0.000000,0.000000,
0.000000,0.000000,0.000000,0.000000,0.000000,0.000000,0.000000,0.000001,0.000014,0.000002,0.000014,0.000001,0.000000,0.000001,0.000028,0.000410,0.000028,0.000001,0.000000,0.000001,0.000000,0.000000,0.000000,0.000000,0.000000,0.000000,0.000000,0.000000,0.000000,0.000000,
0.000000,0.000000,0.000000,0.000000,0.000000,0.000000,0.000000,0.000000,0.000003,0.000055,0.000784,0.000055,0.000004,0.000043,0.001235,0.023729,0.001235,0.000043,0.000001,0.000000,0.000000,0.000000,0.000000,0.000000,0.000000,0.000000,0.000000,0.000000,0.000000,0.000000,
0.000000,0.000000,0.000000,0.000000,0.000000,0.000000,0.000000,0.000002,0.000083,0.002346,0.044267,0.002346,0.000112,0.001251,0.047780,1.374221,0.047780,0.001248,0.000029,0.000001,0.000000,0.000000,0.000000,0.000000,0.000000,0.000000,0.000000,0.000000,0.000000,0.000000,
0.000000,0.000000,0.000000,0.000000,0.000000,0.000000,0.000001,0.000055,0.002346,0.088424,2.501462,0.088432,0.002776,0.024542,1.395086,79.648812,1.395085,0.024487,0.000431,0.000008,0.000000,0.000000,0.000000,0.000000,0.000000,0.000000,0.000000,0.000000,0.000000,0.000000,
0.000000,0.000000,0.000000,0.000000,0.000000,0.000000,0.000014,0.000784,0.044267,2.501462,141.440624,2.501469,0.044676,0.022910,1.194816,64.293274,1.194802,0.022126,0.000408,0.000008,0.000000,0.000000,0.000000,0.000000,0.000000,0.000000,0.000000,0.000000,0.000000,0.000000,
0.000000,0.000000,0.000000,0.000000,0.000000,0.000000,0.000001,0.000055,0.002346,0.088424,2.501462,0.088425,0.002374,0.001235,0.042992,1.171509,0.042990,0.001180,0.000029,0.000001,0.000000,0.000000,0.000000,0.000000,0.000000,0.000000,0.000000,0.000000,0.000001,0.000006,
0.000000,0.000000,0.000000,0.000000,0.000000,0.000000,0.000000,0.000002,0.000083,0.002346,0.044267,0.002346,0.000084,0.000045,0.001166,0.021323,0.001166,0.000043,0.000001,0.000000,0.000000,0.000000,0.000000,0.000000,0.000000,0.000000,0.000000,0.000001,0.000026,0.000297,
0.000000,0.000001,0.000014,0.000001,0.000000,0.000000,0.000000,0.000000,0.000002,0.000055,0.000784,0.000055,0.000002,0.000001,0.000028,0.000388,0.000028,0.000001,0.000001,0.000007,0.000008,0.000001,0.000000,0.000000,0.000000,0.000000,0.000002,0.000047,0.001087,0.015386,
0.000002,0.000055,0.000784,0.000055,0.000002,0.000000,0.000000,0.000000,0.000000,0.000001,0.000014,0.000001,0.000000,0.000000,0.000001,0.000007,0.000001,0.000002,0.000035,0.000530,0.000369,0.000028,0.000001,0.000000,0.000000,0.000001,0.000042,0.001478,0.042186,0.803968,
0.000083,0.002346,0.044267,0.002346,0.000083,0.000002,0.000000,0.000000,0.000000,0.000000,0.000000,0.000000,0.000000,0.000000,0.000000,0.000000,0.000002,0.000063,0.001759,0.033403,0.013973,0.000987,0.000038,0.000001,0.000000,0.000019,0.000885,0.038255,1.424141,45.042010,
0.002344,0.088424,2.501462,0.088424,0.002346,0.000055,0.000001,0.000000,0.000000,0.000000,0.000000,0.000000,0.000000,0.000000,0.000000,0.000001,0.000051,0.002013,0.068374,1.819298,0.462494,0.029906,0.000897,0.000023,0.000004,0.000196,0.011462,0.621062,30.630356,69.399721,
0.044254,2.501462,141.440624,2.501462,0.044267,0.000784,0.000014,0.000000,0.000000,0.000000,0.000000,0.000000,0.000000,0.000000,0.000000,0.000016,0.000834,0.039393,1.537503,38.026711,18.320021,2.224057,0.016506,0.000273,0.000005,0.000013,0.000593,0.023186,0.639024,1.149425,
0.002344,0.088424,2.501462,0.088424,0.002346,0.000055,0.000001,0.000000,0.000000,0.000000,0.000000,0.000000,0.000000,0.000000,0.000001,0.000059,0.004137,0.330236,26.528462,21.269786,2.500622,0.075392,0.001835,0.000044,0.000001,0.000001,0.000019,0.000603,0.012059,0.018851,
0.000083,0.002346,0.044267,0.002346,0.000083,0.000002,0.000000,0.000000,0.000000,0.000000,0.000000,0.000000,0.000000,0.000000,0.000001,0.000084,0.004576,0.226190,8.508227,27.705550,1.317054,0.036845,0.000858,0.000020,0.000000,0.000000,0.000001,0.000013,0.000212,0.000317,
0.000002,0.000056,0.000784,0.000055,0.000002,0.000000,0.000000,0.000000,0.000000,0.000000,0.000000,0.000000,0.000000,0.000000,0.000000,0.000006,0.000249,0.009173,0.232328,0.544083,0.078889,0.004828,0.000206,0.000007,0.000000,0.000000,0.000001,0.000014,0.000005,0.000005,
0.000001,0.000015,0.000015,0.000001,0.000000,0.000000,0.000000,0.000000,0.000000,0.000000,0.000000,0.000000,0.000000,0.000000,0.000000,0.000000,0.000009,0.000255,0.004857,0.010435,0.004214,0.000360,0.000018,0.000001,0.000000,0.000002,0.000055,0.000784,0.000055,0.000003,
0.000055,0.000784,0.000056,0.000002,0.000000,0.000000,0.000000,0.000000,0.000000,0.000000,0.000000,0.000000,0.000000,0.000000,0.000000,0.000000,0.000000,0.000006,0.000093,0.000208,0.000177,0.000018,0.000001,0.000000,0.000002,0.000083,0.002346,0.044267,0.002346,0.000083,
0.002343,0.044267,0.002346,0.000083,0.000002,0.000000,0.000000,0.000000,0.000000,0.000000,0.000000,0.000000,0.000000,0.000000,0.000000,0.000000,0.000000,0.000000,0.000002,0.000004,0.000006,0.000001,0.000000,0.000001,0.000055,0.002346,0.088424,2.501462,0.088424,0.002344,
0.088369,2.501460,0.088424,0.002346,0.000055,0.000001,0.000000,0.000000,0.000000,0.000000,0.000000,0.000000,0.000000,0.000000,0.000000,0.000000,0.000000,0.000000,0.000000,0.000000,0.000000,0.000000,0.000000,0.000014,0.000784,0.044267,2.501462,141.440624,2.501462,0.044254,
2.500677,141.440596,2.501460,0.044267,0.000784,0.000014,0.000000,0.000000,0.000000,0.000000,0.000000,0.000000,0.000000,0.000000,0.000000,0.000000,0.000000,0.000000,0.000000,0.000000,0.000000,0.000000,0.000000,0.000001,0.000055,0.002346,0.088424,2.501462,0.088424,0.002344,
0.088314,2.500677,0.088369,0.002343,0.000055,0.000001,0.000000,0.000000,0.000000,0.000000,0.000000,0.000000,0.000000,0.000000,0.000000,0.000000,0.000000,0.000000,0.000000,0.000000,0.000000,0.000000,0.000000,0.000000,0.000002,0.000083,0.002344,0.044254,0.002344,0.000083,
