0.000006,0.000217,0.008221,0.346058,18.970289,17.551284,7.202587,0.103708,0.001923,0.000040,0.000001,0.000000,0.000000,0.000000,0.000000,0.000000,0.000000,0.000000,0.000000,0.000000,0.000000,0.000001,0.000014,0.000001,0.000000,0.000000,0.000000,0.000000,0.000000,0.000000,
0.000003,0.000158,0.007995,0.411215,20.410808,37.075125,0.814186,0.015154,0.000295,0.000006,0.000000,0.000000,0.000000,0.000000,0.000000,0.000000,0.000000,0.000000,0.000000,0.000000,0.000002,0.000055,0.000784,0.000055,0.000002,0.000000,0.000000,0.000000,0.000000,0.000000,
0.000002,0.000124,0.006309,0.331000,19.592174,27.037809,0.465622,0.008391,0.000151,0.000003,0.000000,0.000001,0.000014,0.000001,0.000000,0.000000,0.000000,0.000000,0.000000,0.000002,0.000083,0.002346,0.044267,0.002346,0.000083,0.000002,0.000000,0.000000,0.000000,0.000000,
0.000000,0.000009,0.000357,0.012312,0.331378,0.458681,0.016180,0.000427,0.000010,0.000000,0.000002,0.000055,0.000784,0.000055,0.000002,0.000000,0.000000,0.000000,0.000001,0.000055,0.002346,0.088424,2.501462,0.088424,0.002346,0.000055,0.000001,0.000000,0.000000,0.000000,
0.000000,0.000000,0.000014,0.000357,0.006300,0.008167,0.000424,0.000015,0.000001,0.000002,0.000083,0.002346,0.044267,0.002346,0.000083,0.000002,0.000000,0.000000,0.000014,0.000784,0.044267,2.501462,141.440624,2.501462,0.044267,0.000784,0.000014,0.000000,0.000000,0.000000,
0.000000,0.000000,0.000000,0.000009,0.000123,0.000145,0.000010,0.000000,0.000001,0.000055,0.002346,0.088424,2.501462,0.088424,0.002346,0.000055,0.000001,0.000000,0.000001,0.000055,0.002346,0.088424,2.501462,0.088424,0.002346,0.000055,0.000001,0.000000,0.000000,0.000000,
0.000000,0.000000,0.000001,0.000005,0.000003,0.000003,0.000000,0.000000,0.000014,0.000784,0.044267,2.501462,141.440624,2.501462,0.044267,0.000784,0.000014,0.000000,0.000000,0.000002,0.000083,0.002346,0.044267,0.002346,0.000083,0.000002,0.000000,0.000000,0.000000,0.000000,
0.000000,0.000002,0.000023,0.000244,0.000030,0.000002,0.000000,0.000000,0.000001,0.000055,0.002346,0.088424,2.501462,0.088424,0.002346,0.000055,0.000001,0.000000,0.000000,0.000000,0.000002,0.000055,0.000784,0.000055,0.000002,0.000000,0.000000,0.000000,0.000000,0.000000,
0.000005,0.000077,0.000990,0.011802,0.001723,0.000074,0.000002,0.000000,0.000000,0.000002,0.000083,0.002346,0.044267,0.002346,0.000083,0.000002,0.000000,0.000000,0.000000,0.000000,0.000000,0.000001,0.000014,0.000001,0.000000,0.000000,0.000000,0.000000,0.000000,0.000000,
0.000156,0.003033,0.050626,0.613950,0.105979,0.003673,0.000093,0.000002,0.000000,0.000000,0.000002,0.000055,0.000784,0.000055,0.000003,0.000000,0.000000,0.000000,0.000000,0.000000,0.000000,0.000000,0.000000,0.000000,0.000000,0.000000,0.000000,0.000000,0.000000,0.000000,
0.004751,0.115687,2.243506,35.372324,5.603871,0.153258,0.003152,0.000059,0.000001,0.000000,0.000000,0.000001,0.000014,0.000002,0.000014,0.000001,0.000000,0.000000,0.000000,0.000000,0.000000,0.000000,0.000000,0.000000,0.000000,0.000000,0.000000,0.000000,0.000000,0.000000,
0.112328,4.218761,9.509085,21.225122,6.896875,3.479323,0.059108,0.000959,0.000015,0.000000,0.000000,0.000000,0.000003,0.000055,0.000784,0.000055,0.000002,0.000000,0.000000,0.000000,0.000000,0.000000,0.000000,0.000000,0.000000,0.000000,0.000000,0.000001,0.000000,0.000000,
1.748386,14.902361,10.219315,4.847914,0.807836,0.076940,0.002205,0.000050,0.000001,0.000000,0.000000,0.000002,0.000083,0.002346,0.044267,0.002346,0.000083,0.000002,0.000000,0.000000,0.000000,0.000000,0.000000,0.000000,0.000000,0.000001,0.000018,0.000085,0.000005,0.000000,
0.251037,10.303204,7.611446,1.984722,0.061232,0.002229,0.000069,0.000002,0.000000,0.000000,0.000001,0.000055,0.002346,0.088424,2.501462,0.088424,0.002346,0.000055,0.000001,0.000000,0.000000,0.000001,0.000012,0.000001,0.000003,0.000058,0.000951,0.005351,0.000253,0.000008,
0.035991,1.576928,1.440127,6.055379,0.077132,0.001106,0.000019,0.000000,0.000000,0.000000,0.000014,0.000784,0.044267,2.501462,141.440624,2.501462,0.044267,0.000784,0.000014,0.000000,0.000002,0.000051,0.000697,0.000052,0.000082,0.002346,0.049558,0.338598,0.010667,0.000253,
0.001049,0.032097,0.040178,0.076896,0.002143,0.000052,0.000001,0.000000,0.000000,0.000000,0.000001,0.000055,0.002346,0.088424,2.501462,0.088424,0.002346,0.000055,0.000001,0.000002,0.000080,0.002171,0.039405,0.002135,0.002253,0.083136,2.501462,18.477320,0.338598,0.005350,
0.000028,0.000501,0.000741,0.001085,0.000052,0.000002,0.000000,0.000000,0.000000,0.000000,0.000000,0.000002,0.000083,0.002346,0.044267,0.002346,0.000083,0.000002,0.000001,0.000058,0.002346,0.083567,2.232078,0.079406,0.041055,2.165259,123.051730,2.501462,0.049558,0.000951,
0.000001,0.000009,0.000013,0.000018,0.000001,0.000000,0.000000,0.000000,0.000000,0.000000,0.000000,0.000000,0.000002,0.000055,0.000784,0.000055,0.000002,0.000001,0.000018,0.000958,0.049125,2.501462,127.093474,2.232115,0.041499,0.078537,2.165222,0.083134,0.002346,0.000058,
0.000000,0.000000,0.000000,0.000000,0.000000,0.000000,0.000000,0.000000,0.000000,0.000000,0.000000,0.000000,0.000000,0.000001,0.000014,0.000001,0.000001,0.000015,0.000090,0.004919,0.271742,14.435575,2.501462,0.083569,0.002246,0.002146,0.038972,0.002179,0.000080,0.000002,
0.000000,0.000000,0.000000,0.000000,0.000000,0.000000,0.000000,0.000000,0.000000,0.000000,0.000000,0.000000,0.000000,0.000000,0.000000,0.000002,0.000055,0.000784,0.000061,0.000267,0.009802,0.271742,0.049125,0.002346,0.000082,0.000052,0.000700,0.000051,0.000002,0.000000,
0.000000,0.000000,0.000000,0.000000,0.000000,0.000000,0.000000,0.000000,0.000000,0.000000,0.000000,0.000000,0.000000,0.000000,0.000002,0.000083,0.002346,0.044267,0.002346,0.000092,0.000267,0.004919,0.000958,0.000058,0.000003,0.000001,0.000013,0.000001,0.000000,0.000000,
0.000000,0.000000,0.000000,0.000001,0.000013,0.000010,0.000013,0.000003,0.000000,0.000000,0.000000,0.000000,0.000000,0.000001,0.000055,0.002346,0.088424,2.501462,0.088424,0.002346,0.000061,0.000090,0.000018,0.000001,0.000000,0.000000,0.000000,0.000000,0.000000,0.000000,
0.000000,0.000000,0.000001,0.000038,0.000619,0.000600,0.000577,0.000130,0.000008,0.000000,0.000000,0.000000,0.000000,0.000014,0.000784,0.044267,2.501462,141.440624,2.501462,0.044267,0.000784,0.000015,0.000001,0.000000,0.000000,0.000000,0.000000,0.000000,0.000000,0.000000,
0.000000,0.000001,0.000040,0.001259,0.023947,0.027452,0.020038,0.008625,0.000244,0.000008,0.000000,0.000000,0.000000,0.000001,0.000055,0.002346,0.088424,2.501462,0.088424,0.002346,0.000055,0.000001,0.000000,0.000000,0.000000,0.000000,0.000000,0.000000,0.000000,0.000000,
0.000000,0.000016,0.000707,0.025850,0.561667,0.805800,0.399135,0.593547,0.014444,0.000151,0.000003,0.000000,0.000000,0.000000,0.000002,0.000083,0.002346,0.044267,0.002346,0.000083,0.000002,0.000000,0.000000,0.000000,0.000000,0.000000,0.000000,0.000000,0.000000,0.000000,
0.000001,0.000062,0.002836,0.134184,6.493759,18.038883,0.635767,2.951335,1.619571,0.006519,0.000027,0.000000,0.000000,0.000000,0.000000,0.000002,0.000055,0.000784,0.000055,0.000002,0.000000,0.000000,0.000000,0.000000,0.000000,0.000000,0.000000,0.000000,0.000000,0.000000,
0.000006,0.000347,0.023552,1.636387,7.588382,22.166674,1.395132,15.320635,0.322204,0.006598,0.000133,0.000002,0.000000,0.000000,0.000000,0.000000,0.000001,0.000014,0.000001,0.000000,0.000000,0.000000,0.000000,0.000000,0.000000,0.000000,0.000000,0.000000,0.000000,0.000000,
0.000001,0.000066,0.003245,0.146088,5.847725,15.529838,4.137394,1.182495,0.512479,0.006387,0.000046,0.000001,0.000000,0.000000,0.000000,0.000000,0.000000,0.000000,0.000000,0.000000,0.000000,0.000000,0.000000,0.000000,0.000000,0.000000,0.000000,0.000000,0.000000,0.000000,
0.000001,0.000061,0.003266,0.170941,8.012341,2.873823,7.906170,0.139849,0.008114,0.000112,0.000002,0.000000,0.000000,0.000000,0.000000,0.000000,0.000000,0.000000,0.000000,0.000000,0.000000,0.000000,0.000000,0.000000,0.000000,0.000000,0.000000,0.000000,0.000000,0.000000,
0.000000,0.000004,0.000177,0.006474,0.174660,0.394107,23.375213,0.347586,0.005820,0.000104,0.000002,0.000000,0.000000,0.000000,0.000000,0.000000,0.000000,0.000000,0.000000,0.000000,0.000000,0.000000,0.000000,0.000000,0.000000,0.000000,0.000000,0.000000,0.000000,0.000000,
