0.000000,0.000000,0.000002,0.000042,0.000659,0.002380,0.000753,0.000043,0.000002,0.000000,0.000000,0.000000,0.000000,0.000000,0.000000,0.000000,0.000000,0.000000,0.000000,0.000000,0.000000,0.000000,0.000000,0.000000,0.000000,0.000000,0.000000,0.000000,0.000000,0.000000,
0.000000,0.000002,0.000059,0.001718,0.035258,0.134671,0.034918,0.001380,0.000042,0.000001,0.000000,0.000000,0.000000,0.000000,0.000000,0.000000,0.000000,0.000000,0.000000,0.000000,0.000000,0.000000,0.000000,0.000001,0.000014,0.000001,0.000000,0.000000,0.000000,0.000000,
0.000001,0.000038,0.001633,0.063473,1.890912,6.754679,1.612686,0.032736,0.000674,0.000014,0.000000,0.000000,0.000001,0.000014,0.000001,0.000000,0.000000,0.000000,0.000000,0.000000,0.000000,0.000000,0.000002,0.000055,0.000784,0.000055,0.000002,0.000000,0.000000,0.000000,
0.000009,0.000532,0.030619,1.758628,102.521998,25.951841,0.505067,0.009615,0.000188,0.000004,0.000000,0.000002,0.000055,0.000784,0.000055,0.000002,0.000000,0.000000,0.000000,0.000000,0.000000,0.000002,0.000083,0.002346,0.044267,0.002346,0.000083,0.000002,0.000000,0.000000,
0.000001,0.000038,0.001637,0.063727,1.888167,5.693654,0.139587,0.002918,0.000056,0.000001,0.000002,0.000083,0.002346,0.044267,0.002346,0.000083,0.000002,0.000000,0.000000,0.000000,0.000001,0.000055,0.002346,0.088424,2.501462,0.088424,0.002346,0.000055,0.000001,0.000000,
0.000000,0.000002,0.000085,0.002764,0.076589,2.686036,0.046178,0.001183,0.000029,0.000002,0.000055,0.002346,0.088424,2.501462,0.088424,0.002346,0.000055,0.000001,0.000000,0.000000,0.000014,0.000784,0.044267,2.501462,141.440624,2.501462,0.044267,0.000784,0.000014,0.000000,
0.000000,0.000000,0.000004,0.000120,0.002742,0.043524,0.002215,0.000083,0.000003,0.000014,0.000784,0.044267,2.501462,141.440624,2.501462,0.044267,0.000784,0.000014,0.000000,0.000000,0.000001,0.000055,0.002346,0.088424,2.501462,0.088424,0.002346,0.000055,0.000001,0.000000,
0.000000,0.000000,0.000000,0.000005,0.000091,0.001087,0.000081,0.000004,0.000000,0.000001,0.000055,0.002346,0.088424,2.501462,0.088424,0.002346,0.000055,0.000001,0.000000,0.000000,0.000000,0.000002,0.000083,0.002346,0.044267,0.002346,0.000083,0.000002,0.000000,0.000000,
0.000000,0.000000,0.000000,0.000000,0.000003,0.000027,0.000002,0.000000,0.000000,0.000000,0.000002,0.000083,0.002346,0.044267,0.002346,0.000083,0.000002,0.000000,0.000000,0.000001,0.000014,0.000001,0.000003,0.000055,0.000784,0.000055,0.000002,0.000000,0.000000,0.000000,
0.000000,0.000000,0.000000,0.000000,0.000000,0.000001,0.000000,0.000000,0.000000,0.000000,0.000000,0.000002,0.000056,0.000784,0.000055,0.000002,0.000000,0.000000,0.000002,0.000055,0.000784,0.000055,0.000003,0.000001,0.000014,0.000001,0.000000,0.000001,0.000014,0.000001,
0.000000,0.000000,0.000000,0.000000,0.000000,0.000000,0.000000,0.000000,0.000000,0.000000,0.000000,0.000001,0.000015,0.000015,0.000001,0.000000,0.000000,0.000002,0.000083,0.002346,0.044267,0.002346,0.000083,0.000002,0.000000,0.000000,0.000002,0.000055,0.000784,0.000055,
0.000000,0.000000,0.000000,0.000000,0.000000,0.000000,0.000000,0.000000,0.000000,0.000000,0.000002,0.000055,0.000784,0.000056,0.000002,0.000000,0.000001,0.000055,0.002346,0.088424,2.501462,0.088424,0.002346,0.000055,0.000001,0.000002,0.000083,0.002346,0.044267,0.002343,
0.000000,0.000000,0.000000,0.000000,0.000000,0.000000,0.000000,0.000000,0.000000,0.000002,0.000083,0.002346,0.044267,0.002346,0.000083,0.000003,0.000014,0.000784,0.044267,2.501462,141.440624,2.501462,0.044267,0.000784,0.000015,0.000056,0.002346,0.088424,2.501461,0.088369,
0.000000,0.000000,0.000001,0.000014,0.000001,0.000000,0.000000,0.000000,0.000001,0.000055,0.002346,0.088424,2.501462,0.088424,0.002346,0.000055,0.000002,0.000055,0.002346,0.088424,2.501462,0.088424,0.002346,0.000056,0.000015,0.000784,0.044267,2.501462,141.440610,2.500678,
0.000000,0.000002,0.000055,0.000784,0.000055,0.000002,0.000000,0.000000,0.000014,0.000784,0.044267,2.501462,141.440624,2.501462,0.044267,0.000784,0.000014,0.000003,0.000083,0.002346,0.044267,0.002346,0.000083,0.000002,0.000001,0.000055,0.002346,0.088424,2.501461,0.088369,
0.000002,0.000083,0.002346,0.044267,0.002346,0.000083,0.000002,0.000000,0.000001,0.000055,0.002346,0.088424,2.501462,0.088424,0.002346,0.000055,0.000001,0.000000,0.000002,0.000055,0.000784,0.000055,0.000002,0.000000,0.000000,0.000002,0.000083,0.002346,0.044267,0.002343,
0.000055,0.002346,0.088424,2.501462,0.088424,0.002346,0.000055,0.000001,0.000000,0.000002,0.000083,0.002346,0.044267,0.002346,0.000083,0.000002,0.000000,0.000000,0.000000,0.000001,0.000014,0.000001,0.000000,0.000000,0.000000,0.000000,0.000003,0.000055,0.000784,0.000055,
0.000784,0.044267,2.501462,141.440624,2.501462,0.044267,0.000784,0.000014,0.000000,0.000000,0.000002,0.000055,0.000784,0.000055,0.000002,0.000000,0.000000,0.000000,0.000000,0.000000,0.000000,0.000000,0.000000,0.000000,0.000000,0.000001,0.000009,0.000008,0.000014,0.000001,
0.000055,0.002346,0.088424,2.501462,0.088424,0.002346,0.000055,0.000001,0.000000,0.000000,0.000000,0.000001,0.000014,0.000001,0.000000,0.000000,0.000000,0.000000,0.000000,0.000000,0.000000,0.000000,0.000000,0.000000,0.000001,0.000034,0.000494,0.000345,0.000024,0.000001,
0.000002,0.000083,0.002346,0.044267,0.002346,0.000083,0.000002,0.000000,0.000000,0.000000,0.000000,0.000000,0.000000,0.000000,0.000000,0.000000,0.000000,0.000002,0.000001,0.000000,0.000000,0.000000,0.000000,0.000001,0.000050,0.001444,0.027493,0.019120,0.000984,0.000035,
0.000000,0.000002,0.000055,0.000784,0.000055,0.000003,0.000001,0.000014,0.000001,0.000000,0.000000,0.000000,0.000000,0.000000,0.000000,0.000000,0.000006,0.000095,0.000033,0.000003,0.000000,0.000000,0.000001,0.000033,0.001433,0.053986,1.491736,1.098151,0.036784,0.000967,
0.000000,0.000000,0.000001,0.000014,0.000001,0.000003,0.000055,0.000784,0.000055,0.000002,0.000000,0.000000,0.000000,0.000000,0.000000,0.000009,0.000285,0.006085,0.001216,0.000091,0.000004,0.000000,0.000008,0.000477,0.026870,1.474071,77.611116,66.330970,1.071658,0.018175,
0.000000,0.000000,0.000000,0.000000,0.000002,0.000083,0.002346,0.044267,0.002346,0.000083,0.000002,0.000000,0.000000,0.000000,0.000006,0.000290,0.012258,0.377331,0.046009,0.002189,0.000089,0.000003,0.000001,0.000033,0.001433,0.053988,1.491749,1.098152,0.036784,0.000967,
0.000000,0.000000,0.000000,0.000001,0.000055,0.002346,0.088424,2.501462,0.088424,0.002346,0.000055,0.000001,0.000000,0.000002,0.000106,0.006481,0.387349,23.576023,2.717308,0.041662,0.001111,0.000031,0.000001,0.000002,0.000056,0.001554,0.028223,0.019172,0.000986,0.000035,
0.000000,0.000000,0.000000,0.000014,0.000784,0.044267,2.501462,141.440624,2.501462,0.044267,0.000784,0.000014,0.000000,0.000007,0.000362,0.016931,0.621389,12.023174,2.937456,0.062849,0.001773,0.000044,0.000001,0.000008,0.000251,0.005984,0.041156,0.002524,0.000102,0.000003,
0.000000,0.000000,0.000000,0.000001,0.000055,0.002346,0.088424,2.501462,0.088424,0.002346,0.000055,0.000001,0.000001,0.000087,0.005706,0.343942,20.099283,26.548144,1.582660,0.059690,0.001691,0.000042,0.000006,0.000224,0.009721,0.318473,2.271423,0.081055,0.002177,0.000052,
0.000000,0.000000,0.000000,0.000000,0.000002,0.000083,0.002346,0.044267,0.002346,0.000083,0.000002,0.000000,0.000000,0.000006,0.000311,0.014147,0.497329,8.295821,0.242431,0.006856,0.000187,0.000006,0.000071,0.004504,0.278086,16.990782,126.951304,2.267644,0.040548,0.000727,
0.000000,0.000000,0.000000,0.000000,0.000000,0.000002,0.000055,0.000784,0.000055,0.000002,0.000000,0.000000,0.000000,0.000003,0.000198,0.011984,0.749116,46.137965,3.684297,0.042654,0.000621,0.000009,0.000005,0.000224,0.009721,0.318472,2.271414,0.081049,0.002177,0.000052,
0.000000,0.000000,0.000000,0.000000,0.000000,0.000000,0.000001,0.000014,0.000001,0.000000,0.000000,0.000000,0.000000,0.000000,0.000013,0.000572,0.023401,0.741658,0.054155,0.001419,0.000030,0.000001,0.000000,0.000007,0.000250,0.005951,0.040662,0.002178,0.000078,0.000002,
0.000000,0.000000,0.000000,0.000000,0.000000,0.000000,0.000000,0.000000,0.000000,0.000000,0.000000,0.000000,0.000000,0.000000,0.000001,0.000019,0.000567,0.011656,0.000991,0.000036,0.000001,0.000000,0.000000,0.000000,0.000006,0.000109,0.000730,0.000052,0.000002,0.000000,
