0.000000,0.000000,0.000000,0.000000,0.000000,0.000000,0.000000,0.000000,0.000000,0.000000,0.000000,0.000001,0.000014,0.000001,0.000000,0.000000,0.000000,0.000000,0.000002,0.000055,0.000784,0.000055,0.000002,0.000000,0.000000,0.000000,0.000000,0.000001,0.000014,0.000001,
0.000000,0.000000,0.000000,0.000001,0.000014,0.000001,0.000000,0.000000,0.000000,0.000000,0.000002,0.000055,0.000784,0.000055,0.000002,0.000000,0.000000,0.000002,0.000083,0.002346,0.044267,0.002346,0.000083,0.000002,0.000000,0.000000,0.000002,0.000055,0.000784,0.000055,
0.000000,0.000000,0.000002,0.000054,0.000770,0.000054,0.000002,0.000000,0.000000,0.000002,0.000083,0.002346,0.044267,0.002346,0.000083,0.000002,0.000001,0.000055,0.002346,0.088424,2.501462,0.088424,0.002346,0.000055,0.000001,0.000002,0.000083,0.002346,0.044267,0.002343,
0.000000,0.000002,0.000081,0.002304,0.043470,0.002304,0.000081,0.000002,0.000001,0.000055,0.002346,0.088424,2.501462,0.088424,0.002346,0.000056,0.000015,0.000784,0.044267,2.501462,141.440624,2.501462,0.044267,0.000784,0.000015,0.000056,0.002346,0.088424,2.501461,0.088369,
0.000001,0.000054,0.002305,0.086850,2.455798,0.086845,0.002304,0.000055,0.000015,0.000784,0.044267,2.501462,141.440624,2.501462,0.044267,0.000784,0.000015,0.000056,0.002346,0.088424,2.501462,0.088424,0.002346,0.000056,0.000015,0.000784,0.044267,2.501462,141.440610,2.500678,
0.000014,0.000771,0.043508,2.456667,139.355112,2.456603,0.043498,0.000771,0.000015,0.000056,0.002346,0.088424,2.501462,0.088424,0.002346,0.000055,0.000001,0.000002,0.000083,0.002346,0.044267,0.002346,0.000083,0.000002,0.000001,0.000055,0.002346,0.088424,2.501461,0.088369,
0.000002,0.000073,0.003174,0.133630,4.586563,0.133214,0.003110,0.000068,0.000002,0.000002,0.000083,0.002346,0.044267,0.002346,0.000083,0.000002,0.000000,0.000000,0.000002,0.000055,0.000784,0.000055,0.000002,0.000000,0.000000,0.000002,0.000083,0.002346,0.044267,0.002343,
0.000000,0.000004,0.000133,0.003979,0.089872,0.003915,0.000123,0.000003,0.000000,0.000000,0.000002,0.000055,0.000784,0.000056,0.000002,0.000000,0.000000,0.000000,0.000000,0.000001,0.000014,0.000001,0.000000,0.000000,0.000000,0.000000,0.000002,0.000055,0.000784,0.000055,
0.000000,0.000000,0.000005,0.000101,0.001577,0.000096,0.000004,0.000000,0.000000,0.000000,0.000000,0.000001,0.000015,0.000015,0.000001,0.000000,0.000000,0.000000,0.000000,0.000000,0.000000,0.000000,0.000000,0.000000,0.000000,0.000000,0.000000,0.000001,0.000015,0.000015,
0.000000,0.000000,0.000000,0.000003,0.000028,0.000003,0.000000,0.000000,0.000000,0.000000,0.000000,0.000002,0.000056,0.000784,0.000055,0.000002,0.000000,0.000000,0.000000,0.000000,0.000001,0.000014,0.000001,0.000000,0.000000,0.000000,0.000000,0.000002,0.000055,0.000781,
0.000000,0.000000,0.000002,0.000030,0.000008,0.000024,0.000002,0.000000,0.000000,0.000000,0.000002,0.000083,0.002346,0.044267,0.002346,0.000083,0.000002,0.000000,0.000000,0.000002,0.000055,0.000784,0.000055,0.000002,0.000000,0.000000,0.000002,0.000083,0.002343,0.044185,
0.000000,0.000003,0.000091,0.001977,0.000360,0.001134,0.000074,0.000003,0.000000,0.000001,0.000055,0.002346,0.088424,2.501462,0.088424,0.002346,0.000055,0.000001,0.000002,0.000083,0.002346,0.044267,0.002346,0.000083,0.000002,0.000001,0.000055,0.002344,0.088369,2.499116,
0.000002,0.000091,0.003939,0.130690,0.016592,0.044482,0.002369,0.000079,0.000002,0.000014,0.000784,0.044267,2.501462,141.440624,2.501462,0.044267,0.000784,0.000015,0.000056,0.002346,0.088424,2.501462,0.088424,0.002346,0.000056,0.000015,0.000784,0.044254,2.500678,141.396356,
0.000030,0.001975,0.130651,7.628548,0.705652,1.261859,0.050821,0.001367,0.000031,0.000002,0.000055,0.002346,0.088424,2.501462,0.088424,0.002346,0.000056,0.000015,0.000784,0.044267,2.501462,141.440624,2.501462,0.044267,0.000784,0.000015,0.000056,0.002344,0.088369,2.499116,
0.000006,0.000302,0.014875,0.676799,28.584058,31.320752,0.433222,0.006858,0.000128,0.000003,0.000002,0.000083,0.002346,0.044267,0.002346,0.000083,0.000002,0.000001,0.000055,0.002346,0.088424,2.501462,0.088424,0.002346,0.000055,0.000001,0.000002,0.000083,0.002343,0.044185,
0.000005,0.000273,0.015574,0.870970,43.177451,34.718583,0.613046,0.011049,0.000189,0.000003,0.000000,0.000002,0.000056,0.000784,0.000055,0.000002,0.000000,0.000000,0.000002,0.000083,0.002346,0.044267,0.002346,0.000083,0.000002,0.000000,0.000000,0.000002,0.000055,0.000781,
0.000000,0.000020,0.000849,0.032181,0.900312,0.623275,0.022041,0.000559,0.000012,0.000000,0.000000,0.000001,0.000015,0.000015,0.000001,0.000000,0.000000,0.000000,0.000000,0.000002,0.000056,0.000784,0.000055,0.000002,0.000000,0.000000,0.000000,0.000001,0.000015,0.000015,
0.000001,0.000039,0.001663,0.062885,1.794803,0.073425,0.002197,0.000057,0.000001,0.000000,0.000002,0.000055,0.000784,0.000056,0.000002,0.000000,0.000000,0.000000,0.000000,0.000001,0.000015,0.000015,0.000001,0.000000,0.000000,0.000000,0.000002,0.000055,0.000784,0.000055,
0.000010,0.000556,0.031454,1.792888,100.513005,1.793065,0.031466,0.000556,0.000010,0.000003,0.000083,0.002346,0.044267,0.002346,0.000083,0.000002,0.000000,0.000000,0.000002,0.000055,0.000784,0.000056,0.000002,0.000000,0.000000,0.000002,0.000083,0.002346,0.044267,0.002343,
0.000005,0.000284,0.015160,0.797017,43.429353,0.797020,0.015160,0.000284,0.000007,0.000055,0.002346,0.088424,2.501462,0.088424,0.002346,0.000055,0.000001,0.000002,0.000083,0.002346,0.044267,0.002346,0.000083,0.000002,0.000001,0.000055,0.002346,0.088424,2.501461,0.088369,
0.000000,0.000019,0.000793,0.028675,0.766375,0.028675,0.000793,0.000020,0.000014,0.000784,0.044267,2.501462,141.440624,2.501462,0.044267,0.000784,0.000015,0.000056,0.002346,0.088424,2.501462,0.088424,0.002346,0.000056,0.000015,0.000784,0.044267,2.501462,141.440610,2.500678,
0.000000,0.000001,0.000028,0.000774,0.014088,0.000774,0.000028,0.000001,0.000001,0.000055,0.002346,0.088424,2.501462,0.088424,0.002346,0.000056,0.000015,0.000784,0.044267,2.501462,141.440624,2.501462,0.044267,0.000784,0.000015,0.000056,0.002346,0.088424,2.501461,0.088369,
0.000000,0.000000,0.000001,0.000019,0.000256,0.000019,0.000001,0.000000,0.000000,0.000002,0.000083,0.002346,0.044267,0.002346,0.000083,0.000002,0.000001,0.000055,0.002346,0.088424,2.501462,0.088424,0.002346,0.000055,0.000001,0.000002,0.000083,0.002346,0.044267,0.002343,
0.000000,0.000000,0.000001,0.000014,0.000006,0.000000,0.000000,0.000000,0.000000,0.000000,0.000002,0.000056,0.000784,0.000055,0.000002,0.000000,0.000000,0.000002,0.000083,0.002346,0.044267,0.002346,0.000083,0.000002,0.000000,0.000000,0.000002,0.000055,0.000784,0.000055,
0.000000,0.000002,0.000055,0.000784,0.000055,0.000002,0.000000,0.000000,0.000000,0.000000,0.000001,0.000015,0.000015,0.000001,0.000000,0.000000,0.000000,0.000000,0.000002,0.000056,0.000784,0.000055,0.000002,0.000000,0.000000,0.000000,0.000000,0.000002,0.000014,0.000002,
0.000002,0.000083,0.002346,0.044267,0.002346,0.000083,0.000002,0.000000,0.000000,0.000002,0.000055,0.000784,0.000056,0.000002,0.000000,0.000000,0.000000,0.000000,0.000001,0.000015,0.000015,0.000001,0.000000,0.000000,0.000000,0.000000,0.000003,0.000044,0.000016,0.000073,
0.000055,0.002346,0.088424,2.501462,0.088424,0.002346,0.000055,0.000001,0.000002,0.000083,0.002346,0.044267,0.002346,0.000083,0.000002,0.000000,0.000000,0.000002,0.000055,0.000784,0.000056,0.000002,0.000000,0.000000,0.000000,0.000004,0.000130,0.002624,0.000826,0.004500,
0.000784,0.044267,2.501462,141.440624,2.501462,0.044267,0.000784,0.000015,0.000056,0.002346,0.088424,2.501462,0.088424,0.002346,0.000055,0.000001,0.000002,0.000083,0.002344,0.044254,0.002344,0.000083,0.000002,0.000000,0.000003,0.000130,0.005216,0.128800,0.041312,0.277738,
0.000055,0.002346,0.088424,2.501462,0.088424,0.002346,0.000056,0.000015,0.000784,0.044267,2.501461,141.440610,2.501461,0.044267,0.000784,0.000015,0.000055,0.002343,0.088369,2.500678,0.088369,0.002343,0.000055,0.000002,0.000044,0.002618,0.128656,4.031222,1.956142,15.681672,
0.000002,0.000083,0.002344,0.044254,0.002344,0.000083,0.000002,0.000001,0.000055,0.002343,0.088369,2.500678,0.088369,0.002343,0.000055,0.000015,0.000781,0.044185,2.499116,141.396356,2.499116,0.044185,0.000781,0.000014,0.000011,0.000610,0.032347,1.679043,91.474587,33.266340,
