0.009255,0.300959,0.103253,0.005303,0.000189,0.000007,0.000000,0.000000,0.000000,0.000000,0.000000,0.000000,0.000000,0.000000,0.000001,0.000022,0.000621,0.011123,0.000647,0.000157,0.000011,0.000001,0.000000,0.000000,0.000018,0.001154,0.059229,0.858143,30.666969,1.172941,
0.308516,17.763774,3.600329,0.130138,0.003306,0.000066,0.000001,0.000000,0.000000,0.000000,0.000000,0.000000,0.000000,0.000000,0.000015,0.000631,0.022531,0.572940,0.024056,0.007764,0.000419,0.000016,0.000001,0.000004,0.000432,0.043271,3.105558,10.846529,42.376688,41.035154,
0.546714,10.808227,22.281360,1.156294,0.031828,0.000522,0.000007,0.000000,0.000000,0.000000,0.000000,0.000000,0.000000,0.000004,0.000221,0.011742,0.591235,27.045494,0.680969,0.419981,0.014531,0.000412,0.000011,0.000001,0.000025,0.001539,0.074156,0.951239,7.036836,11.854442,
16.349677,23.779734,4.143709,0.684580,0.019508,0.000496,0.000012,0.000000,0.000000,0.000000,0.000000,0.000000,0.000000,0.000005,0.000323,0.018966,1.112589,67.283532,5.151544,27.756496,0.413576,0.007332,0.000141,0.000003,0.000001,0.000052,0.001887,0.035644,0.195454,0.173313,
0.952470,40.478038,5.326859,0.106056,0.002763,0.000070,0.000002,0.000000,0.000000,0.000001,0.000014,0.000001,0.000000,0.000001,0.000027,0.001427,0.072828,2.877551,0.632794,15.773546,0.342330,0.006549,0.000124,0.000002,0.000000,0.000002,0.000047,0.000883,0.004796,0.002854,
0.048518,2.555895,0.120480,0.004496,0.000151,0.000004,0.000000,0.000000,0.000002,0.000055,0.000784,0.000055,0.000002,0.000000,0.000001,0.000050,0.001914,0.054791,0.035795,1.004360,0.024312,0.000506,0.000011,0.000000,0.000000,0.000000,0.000002,0.000019,0.000105,0.000055,
0.000992,0.033026,0.002593,0.000143,0.000006,0.000000,0.000000,0.000002,0.000083,0.002346,0.044267,0.002346,0.000083,0.000002,0.000000,0.000001,0.000040,0.000824,0.000976,0.017926,0.000654,0.000019,0.000001,0.000000,0.000001,0.000007,0.000038,0.000011,0.000003,0.000001,
0.000019,0.000371,0.000055,0.000004,0.000000,0.000000,0.000001,0.000055,0.002346,0.088424,2.501462,0.088424,0.002346,0.000055,0.000001,0.000000,0.000001,0.000012,0.000022,0.000268,0.000015,0.000001,0.000000,0.000003,0.000037,0.000314,0.001715,0.000484,0.000034,0.000002,
0.000000,0.000005,0.000001,0.000000,0.000000,0.000000,0.000014,0.000784,0.044267,2.501462,141.440624,2.501462,0.044267,0.000784,0.000014,0.000000,0.000001,0.000009,0.000008,0.000005,0.000000,0.000000,0.000002,0.000056,0.000965,0.011966,0.089707,0.025715,0.001170,0.000045,
0.000000,0.000000,0.000000,0.000000,0.000000,0.000000,0.000001,0.000055,0.002346,0.088424,2.501462,0.088424,0.002346,0.000055,0.000001,0.000002,0.000034,0.000497,0.000318,0.000023,0.000001,0.000001,0.000027,0.000762,0.018574,1.400996,6.110262,1.300107,0.039538,0.001000,
0.000000,0.000000,0.000000,0.000000,0.000000,0.000000,0.000000,0.000002,0.000083,0.002346,0.044267,0.002346,0.000083,0.000002,0.000002,0.000051,0.001452,0.027567,0.015544,0.000709,0.000027,0.000002,0.000073,0.004550,0.297413,18.371091,83.515964,37.350529,0.790309,0.015280,
0.000000,0.000000,0.000000,0.000000,0.000000,0.000000,0.000000,0.000000,0.000002,0.000055,0.000784,0.000055,0.000002,0.000001,0.000034,0.001446,0.054432,1.546259,0.696078,0.020309,0.000501,0.000013,0.000005,0.000222,0.009447,0.321208,1.425880,0.814069,0.030929,0.000836,
0.000000,0.000000,0.000000,0.000000,0.000000,0.000000,0.000000,0.000001,0.000000,0.000001,0.000014,0.000001,0.000000,0.000009,0.000488,0.027430,1.544751,88.250829,11.668775,0.264490,0.005272,0.000101,0.000002,0.000007,0.000235,0.005357,0.024853,0.016107,0.000851,0.000029,
0.000000,0.000000,0.000000,0.000000,0.000000,0.000000,0.000007,0.000076,0.000022,0.000001,0.000000,0.000000,0.000000,0.000004,0.000249,0.014030,0.794169,45.167029,1.030855,0.023565,0.000524,0.000011,0.000000,0.000000,0.000005,0.000094,0.000439,0.000299,0.000020,0.000001,
0.000000,0.000000,0.000000,0.000000,0.000001,0.000017,0.000342,0.003999,0.001125,0.000065,0.000002,0.000000,0.000000,0.000000,0.000016,0.000694,0.026614,0.767542,0.031380,0.000969,0.000027,0.000001,0.000000,0.000001,0.000014,0.000003,0.000008,0.000005,0.000000,0.000000,
0.000000,0.000000,0.000000,0.000001,0.000021,0.000654,0.017538,0.189367,0.051182,0.002453,0.000079,0.000002,0.000000,0.000000,0.000001,0.000024,0.000678,0.013090,0.000769,0.000031,0.000001,0.000000,0.000002,0.000055,0.000784,0.000055,0.000003,0.000000,0.000000,0.000000,
0.000000,0.000000,0.000000,0.000013,0.000585,0.026885,1.342144,7.599559,2.454561,0.071882,0.001946,0.000046,0.000001,0.000000,0.000000,0.000001,0.000016,0.000224,0.000017,0.000001,0.000000,0.000002,0.000083,0.002346,0.044267,0.002346,0.000083,0.000002,0.000000,0.000000,
0.000000,0.000000,0.000003,0.000197,0.013346,1.177365,23.609318,17.846001,62.606268,1.424611,0.031116,0.000661,0.000013,0.000000,0.000000,0.000000,0.000000,0.000004,0.000000,0.000000,0.000001,0.000055,0.002346,0.088424,2.501462,0.088424,0.002346,0.000055,0.000001,0.000000,
0.000000,0.000000,0.000000,0.000021,0.000989,0.038452,0.870546,8.000341,22.058169,21.098045,0.360755,0.006691,0.000123,0.000002,0.000000,0.000000,0.000001,0.000014,0.000001,0.000000,0.000014,0.000784,0.044267,2.501462,141.440624,2.501462,0.044267,0.000784,0.000014,0.000000,
0.000006,0.000001,0.000000,0.000006,0.000517,0.043944,3.065083,4.981333,41.541418,54.168392,0.915622,0.015192,0.000268,0.000005,0.000000,0.000002,0.000055,0.000784,0.000055,0.000002,0.000001,0.000055,0.002346,0.088424,2.501462,0.088424,0.002346,0.000055,0.000001,0.000000,
0.000295,0.000026,0.000001,0.000000,0.000018,0.001180,0.054273,0.616907,25.690500,1.400901,0.038710,0.000944,0.000022,0.000001,0.000002,0.000083,0.002346,0.044267,0.002346,0.000083,0.000003,0.000003,0.000083,0.002346,0.044267,0.002346,0.000083,0.000002,0.000000,0.000000,
0.013511,0.000902,0.000041,0.000001,0.000001,0.000028,0.001029,0.019823,0.492456,0.032347,0.001243,0.000039,0.000001,0.000001,0.000055,0.002346,0.088424,2.501462,0.088424,0.002346,0.000055,0.000001,0.000002,0.000055,0.000784,0.000055,0.000002,0.000000,0.000000,0.000000,
0.512700,0.028449,0.001096,0.000034,0.000001,0.000001,0.000024,0.000501,0.008718,0.000718,0.000035,0.000001,0.000000,0.000014,0.000784,0.044267,2.501462,141.440624,2.501462,0.044267,0.000784,0.000014,0.000000,0.000001,0.000014,0.000001,0.000000,0.000000,0.000000,0.000000,
2.848007,0.763323,0.028624,0.000666,0.000015,0.000000,0.000001,0.000012,0.000153,0.000016,0.000001,0.000000,0.000000,0.000001,0.000055,0.002346,0.088424,2.501462,0.088424,0.002346,0.000055,0.000001,0.000000,0.000001,0.000014,0.000001,0.000000,0.000000,0.000000,0.000000,
23.296792,37.150331,1.425544,0.013724,0.000178,0.000003,0.000000,0.000000,0.000004,0.000014,0.000001,0.000000,0.000000,0.000000,0.000002,0.000083,0.002346,0.044267,0.002346,0.000083,0.000002,0.000000,0.000002,0.000055,0.000784,0.000055,0.000002,0.000000,0.000000,0.000000,
50.191418,6.357074,0.101159,0.002093,0.000045,0.000001,0.000000,0.000002,0.000055,0.000784,0.000055,0.000002,0.000000,0.000000,0.000000,0.000002,0.000055,0.000784,0.000055,0.000002,0.000000,0.000002,0.000083,0.002346,0.044267,0.002346,0.000083,0.000002,0.000000,0.000000,
20.051439,6.390746,0.136777,0.002953,0.000063,0.000001,0.000002,0.000083,0.002346,0.044267,0.002346,0.000083,0.000002,0.000000,0.000000,0.000000,0.000001,0.000014,0.000001,0.000000,0.000001,0.000055,0.002346,0.088424,2.501462,0.088424,0.002346,0.000055,0.000001,0.000000,
0.352487,0.441993,0.012607,0.000277,0.000007,0.000001,0.000055,0.002346,0.088424,2.501462,0.088424,0.002346,0.000055,0.000001,0.000000,0.000000,0.000000,0.000000,0.000000,0.000000,0.000014,0.000784,0.044267,2.501462,141.440624,2.501462,0.044267,0.000784,0.000014,0.000000,
0.005699,0.009783,0.000369,0.000012,0.000001,0.000014,0.000784,0.044267,2.501461,141.440610,2.501461,0.044267,0.000784,0.000014,0.000000,0.000000,0.000000,0.000000,0.000000,0.000000,0.000001,0.000055,0.002346,0.088424,2.501462,0.088424,0.002346,0.000055,0.000001,0.000000,
0.000087,0.000156,0.000010,0.000001,0.000000,0.000001,0.000055,0.002343,0.088369,2.500678,0.088369,0.002343,0.000055,0.000001,0.000000,0.000000,0.000000,0.000000,0.000000,0.000000,0.000000,0.000002,0.000083,0.002344,0.044254,0.002344,0.000083,0.000002,0.000000,0.000000,
