2.498335,0.088314,0.002342,0.000055,0.000001,0.000000,0.000000,0.000000,0.000002,0.000055,0.000784,0.000055,0.000002,0.000000,0.000000,0.000000,0.000000,0.000000,0.000000,0.000000,0.000000,0.000000,0.000000,0.000000,0.000000,0.000000,0.000000,0.000000,0.000000,0.000000,0.000000,0.000000,0.000000,0.000000,0.000001,0.000055,0.002343,0.088369,2.500678,0.088369,0.002343,0.000055,0.000001,0.000000,0.000000,0.000000,0.000002,0.000055,0.000784,0.000055,
141.396342,2.500677,0.044254,0.000784,0.000014,0.000000,0.000000,0.000002,0.000083,0.002346,0.044267,0.002346,0.000083,0.000002,0.000000,0.000000,0.000000,0.000000,0.000000,0.000000,0.000000,0.000000,0.000000,0.000000,0.000000,0.000000,0.000000,0.000000,0.000000,0.000000,0.000000,0.000000,0.000000,0.000000,0.000014,0.000784,0.044267,2.501461,141.440610,2.501461,0.044267,0.000784,0.000014,0.000000,0.000000,0.000002,0.000083,0.002346,0.044267,0.002343,
2.499116,0.088369,0.002344,0.000055,0.000001,0.000000,0.000001,0.000055,0.002346,0.088424,2.501462,0.088424,0.002346,0.000055,0.000001,0.000000,0.000000,0.000000,0.000000,0.000000,0.000000,0.000000,0.000000,0.000000,0.000000,0.000000,0.000000,0.000000,0.000000,0.000000,0.000000,0.000000,0.000000,0.000000,0.000001,0.000055,0.002346,0.088424,2.501462,0.088424,0.002346,0.000055,0.000001,0.000000,0.000001,0.000055,0.002346,0.088424,2.501461,0.088369,
0.044185,0.002343,0.000083,0.000002,0.000000,0.000000,0.000014,0.000784,0.044267,2.501462,141.440624,2.501462,0.044267,0.000784,0.000014,0.000000,0.000000,0.000000,0.000000,0.000000,0.000000,0.000000,0.000000,0.000000,0.000000,0.000000,0.000000,0.000000,0.000000,0.000000,0.000000,0.000000,0.000000,0.000000,0.000000,0.000002,0.000083,0.002346,0.044267,0.002346,0.000083,0.000002,0.000000,0.000000,0.000014,0.000784,0.044267,2.501462,141.440610,2.500678,
0.000781,0.000055,0.000002,0.000000,0.000000,0.000000,0.000001,0.000055,0.002346,0.088424,2.501462,0.088424,0.002346,0.000055,0.000001,0.000000,0.000000,0.000000,0.000000,0.000000,0.000000,0.000000,0.000000,0.000000,0.000000,0.000000,0.000000,0.000000,0.000000,0.000000,0.000000,0.000000,0.000000,0.000000,0.000000,0.000000,0.000002,0.000055,0.000784,0.000055,0.000002,0.000000,0.000000,0.000000,0.000001,0.000055,0.002346,0.088424,2.501461,0.088369,
0.000014,0.000001,0.000000,0.000000,0.000000,0.000000,0.000000,0.000002,0.000083,0.002346,0.044267,0.002346,0.000083,0.000002,0.000000,0.000000,0.000000,0.000000,0.000001,0.000014,0.000001,0.000000,0.000000,0.000000,0.000000,0.000000,0.000000,0.000000,0.000000,0.000000,0.000000,0.000000,0.000000,0.000000,0.000000,0.000000,0.000000,0.000001,0.000014,0.000001,0.000000,0.000000,0.000000,0.000000,0.000000,0.000002,0.000083,0.002346,0.044267,0.002343,
0.000000,0.000000,0.000000,0.000000,0.000000,0.000000,0.000000,0.000000,0.000002,0.000055,0.000784,0.000055,0.000002,0.000000,0.000000,0.000000,0.000000,0.000002,0.000055,0.000784,0.000055,0.000002,0.000000,0.000000,0.000000,0.000000,0.000000,0.000000,0.000000,0.000000,0.000000,0.000000,0.000000,0.000000,0.000000,0.000000,0.000000,0.000000,0.000000,0.000000,0.000000,0.000000,0.000000,0.000000,0.000000,0.000000,0.000002,0.000055,0.000784,0.000055,
0.000000,0.000001,0.000014,0.000001,0.000000,0.000000,0.000000,0.000000,0.000000,0.000001,0.000014,0.000001,0.000000,0.000000,0.000000,0.000000,0.000002,0.000083,0.002346,0.044267,0.002346,0.000083,0.000002,0.000000,0.000000,0.000000,0.000000,0.000000,0.000001,0.000014,0.000001,0.000000,0.000000,0.000000,0.000000,0.000000,0.000000,0.000000,0.000000,0.000001,0.000014,0.000001,0.000000,0.000000,0.000000,0.000000,0.000000,0.000001,0.000014,0.000001,
0.000002,0.000055,0.000784,0.000055,0.000002,0.000000,0.000000,0.000000,0.000000,0.000000,0.000000,0.000000,0.000000,0.000000,0.000000,0.000001,0.000055,0.002346,0.088424,2.501462,0.088424,0.002346,0.000055,0.000001,0.000000,0.000000,0.000000,0.000002,0.000055,0.000784,0.000055,0.000002,0.000000,0.000000,0.000000,0.000000,0.000000,0.000000,0.000002,0.000055,0.000784,0.000055,0.000002,0.000000,0.000000,0.000000,0.000000,0.000000,0.000000,0.000000,
0.000083,0.002346,0.044267,0.002346,0.000083,0.000002,0.000000,0.000000,0.000000,0.000000,0.000000,0.000000,0.000000,0.000000,0.000000,0.000014,0.000784,0.044267,2.501462,141.440624,2.501462,0.044267,0.000784,0.000014,0.000000,0.000000,0.000002,0.000083,0.002346,0.044267,0.002346,0.000083,0.000002,0.000000,0.000000,0.000000,0.000000,0.000002,0.000083,0.002346,0.044267,0.002346,0.000083,0.000002,0.000000,0.000000,0.000000,0.000000,0.000000,0.000000,
0.002344,0.088424,2.501462,0.088424,0.002346,0.000055,0.000001,0.000000,0.000000,0.000000,0.000000,0.000000,0.000000,0.000000,0.000000,0.000001,0.000055,0.002346,0.088424,2.501462,0.088424,0.002346,0.000055,0.000001,0.000000,0.000001,0.000055,0.002346,0.088424,2.501462,0.088424,0.002346,0.000055,0.000001,0.000000,0.000000,0.000001,0.000055,0.002346,0.088424,2.501462,0.088424,0.002346,0.000055,0.000001,0.000000,0.000000,0.000000,0.000000,0.000000,
0.044254,2.501462,141.440624,2.501462,0.044267,0.000784,0.000014,0.000000,0.000000,0.000000,0.000000,0.000000,0.000000,0.000000,0.000000,0.000000,0.000002,0.000083,0.002346,0.044267,0.002346,0.000083,0.000002,0.000000,0.000000,0.000014,0.000784,0.044267,2.501462,141.440624,2.501462,0.044267,0.000784,0.000014,0.000000,0.000000,0.000014,0.000784,0.044267,2.501462,141.440624,2.501462,0.044267,0.000784,0.000014,0.000000,0.000000,0.000000,0.000000,0.000000,
0.002344,0.088424,2.501462,0.088424,0.002346,0.000055,0.000001,0.000000,0.000000,0.000000,0.000000,0.000000,0.000000,0.000000,0.000000,0.000000,0.000000,0.000002,0.000055,0.000784,0.000055,0.000002,0.000000,0.000000,0.000000,0.000001,0.000055,0.002346,0.088424,2.501462,0.088424,0.002346,0.000055,0.000001,0.000000,0.000000,0.000001,0.000055,0.002346,0.088424,2.501462,0.088424,0.002346,0.000055,0.000001,0.000000,0.000000,0.000000,0.000000,0.000000,
0.000083,0.002346,0.044267,0.002346,0.000083,0.000002,0.000000,0.000000,0.000000,0.000000,0.000000,0.000000,0.000000,0.000000,0.000000,0.000000,0.000000,0.000000,0.000001,0.000014,0.000001,0.000000,0.000000,0.000000,0.000000,0.000000,0.000002,0.000083,0.002346,0.044267,0.002346,0.000083,0.000002,0.000000,0.000000,0.000000,0.000000,0.000002,0.000083,0.002346,0.044267,0.002346,0.000083,0.000002,0.000000,0.000000,0.000000,0.000000,0.000000,0.000000,
0.000002,0.000055,0.000784,0.000055,0.000002,0.000000,0.000000,0.000000,0.000000,0.000000,0.000000,0.000000,0.000000,0.000000,0.000000,0.000000,0.000000,0.000000,0.000000,0.000000,0.000000,0.000000,0.000000,0.000000,0.000000,0.000000,0.000000,0.000002,0.000055,0.000784,0.000055,0.000002,0.000000,0.000000,0.000000,0.000000,0.000000,0.000000,0.000002,0.000055,0.000784,0.000055,0.000002,0.000000,0.000000,0.000000,0.000000,0.000000,0.000000,0.000000,
0.000000,0.000001,0.000014,0.000001,0.000000,0.000000,0.000000,0.000000,0.000000,0.000000,0.000000,0.000000,0.000000,0.000000,0.000000,0.000000,0.000000,0.000000,0.000000,0.000000,0.000001,0.000014,0.000001,0.000000,0.000000,0.000000,0.000000,0.000000,0.000001,0.000014,0.000001,0.000000,0.000000,0.000000,0.000000,0.000000,0.000000,0.000000,0.000000,0.000001,0.000014,0.000001,0.000000,0.000000,0.000000,0.000000,0.000000,0.000000,0.000000,0.000000,
0.000000,0.000000,0.000000,0.000000,0.000000,0.000000,0.000000,0.000000,0.000000,0.000000,0.000000,0.000000,0.000000,0.000000,0.000000,0.000000,0.000000,0.000000,0.000000,0.000002,0.000055,0.000784,0.000055,0.000002,0.000000,0.000000,0.000000,0.000000,0.000000,0.000000,0.000000,0.000000,0.000000,0.000000,0.000000,0.000000,0.000000,0.000000,0.000000,0.000000,0.000000,0.000000,0.000000,0.000000,0.000000,0.000000,0.000000,0.000000,0.000000,0.000000,
0.000001,0.000014,0.000001,0.000000,0.000000,0.000000,0.000000,0.000000,0.000000,0.000000,0.000000,0.000000,0.000000,0.000000,0.000000,0.000000,0.000000,0.000000,0.000002,0.000083,0.002346,0.044267,0.002346,0.000083,0.000002,0.000000,0.000000,0.000000,0.000000,0.000000,0.000000,0.000000,0.000000,0.000000,0.000000,0.000000,0.000000,0.000000,0.000000,0.000000,0.000000,0.000000,0.000000,0.000000,0.000000,0.000000,0.000000,0.000000,0.000000,0.000000,
0.000055,0.000784,0.000055,0.000002,0.000000,0.000000,0.000000,0.000000,0.000000,0.000000,0.000000,0.000000,0.000000,0.000000,0.000000,0.000000,0.000000,0.000001,0.000055,0.002346,0.088424,2.501462,0.088424,0.002346,0.000055,0.000001,0.000000,0.000000,0.000000,0.000000,0.000000,0.000000,0.000000,0.000000,0.000000,0.000000,0.000000,0.000000,0.000000,0.000000,0.000000,0.000000,0.000000,0.000000,0.000000,0.000000,0.000000,0.000000,0.000000,0.000000,
0.002343,0.044267,0.002346,0.000083,0.000002,0.000000,0.000000,0.000000,0.000000,0.000000,0.000001,0.000014,0.000001,0.000000,0.000000,0.000000,0.000000,0.000014,0.000784,0.044267,2.501462,141.440624,2.501462,0.044267,0.000784,0.000014,0.000000,0.000000,0.000000,0.000000,0.000000,0.000000,0.000000,0.000000,0.000000,0.000000,0.000000,0.000000,0.000000,0.000000,0.000000,0.000000,0.000000,0.000000,0.000000,0.000000,0.000000,0.000000,0.000000,0.000000,
0.088369,2.501461,0.088424,0.002346,0.000055,0.000001,0.000000,0.000000,0.000000,0.000002,0.000055,0.000784,0.000055,0.000002,0.000000,0.000000,0.000000,0.000001,0.000055,0.002346,0.088424,2.501462,0.088424,0.002346,0.000055,0.000001,0.000000,0.000000,0.000000,0.000000,0.000000,0.000000,0.000000,0.000000,0.000000,0.000000,0.000000,0.000000,0.000000,0.000000,0.000000,0.000000,0.000000,0.000000,0.000000,0.000000,0.000000,0.000000,0.000000,0.000000,
2.500678,141.440610,2.501462,0.044267,0.000784,0.000014,0.000000,0.000000,0.000002,0.000083,0.002346,0.044267,0.002346,0.000083,0.000002,0.000000,0.000000,0.000000,0.000002,0.000083,0.002346,0.044267,0.002346,0.000083,0.000002,0.000000,0.000000,0.000000,0.000000,0.000000,0.000000,0.000000,0.000000,0.000000,0.000000,0.000000,0.000000,0.000000,0.000000,0.000000,0.000000,0.000000,0.000000,0.000000,0.000000,0.000000,0.000000,0.000000,0.000000,0.000000,
0.088369,2.501461,0.088424,0.002346,0.000055,0.000001,0.000000,0.000001,0.000055,0.002346,0.088424,2.501462,0.088424,0.002346,0.000055,0.000001,0.000000,0.000000,0.000000,0.000002,0.000055,0.000784,0.000055,0.000002,0.000000,0.000000,0.000000,0.000000,0.000000,0.000000,0.000000,0.000000,0.000000,0.000000,0.000000,0.000000,0.000000,0.000000,0.000000,0.000000,0.000000,0.000000,0.000000,0.000000,0.000000,0.000000,0.000000,0.000000,0.000000,0.000000,
0.002343,0.044267,0.002346,0.000083,0.000002,0.000000,0.000000,0.000014,0.000784,0.044267,2.501462,141.440624,2.501462,0.044267,0.000784,0.000014,0.000000,0.000000,0.000000,0.000000,0.000001,0.000014,0.000001,0.000000,0.000000,0.000000,0.000000,0.000000,0.000000,0.000000,0.000000,0.000000,0.000000,0.000000,0.000000,0.000000,0.000000,0.000000,0.000000,0.000000,0.000000,0.000000,0.000000,0.000000,0.000000,0.000000,0.000000,0.000000,0.000000,0.000000,
0.000055,0.000784,0.000055,0.000002,0.000000,0.000000,0.000000,0.000001,0.000055,0.002346,0.088424,2.501462,0.088424,0.002346,0.000055,0.000001,0.000000,0.000000,0.000000,0.000000,0.000000,0.000000,0.000000,0.000000,0.000000,0.000001,0.000014,0.000001,0.000000,0.000000,0.000000,0.000000,0.000000,0.000000,0.000000,0.000000,0.000000,0.000000,0.000000,0.000000,0.000000,0.000000,0.000000,0.000000,0.000000,0.000000,0.000000,0.000000,0.000000,0.000000,
0.000001,0.000014,0.000001,0.000000,0.000000,0.000000,0.000000,0.000000,0.000002,0.000083,0.002346,0.044267,0.002346,0.000083,0.000002,0.000000,0.000000,0.000000,0.000000,0.000000,0.000000,0.000000,0.000000,0.000000,0.000002,0.000055,0.000784,0.000055,0.000002,0.000000,0.000000,0.000000,0.000000,0.000000,0.000000,0.000000,0.000000,0.000000,0.000000,0.000000,0.000000,0.000000,0.000000,0.000000,0.000000,0.000000,0.000000,0.000000,0.000000,0.000000,
0.000000,0.000000,0.000000,0.000000,0.000000,0.000000,0.000000,0.000000,0.000000,0.000002,0.000055,0.000784,0.000055,0.000002,0.000000,0.000000,0.000000,0.000000,0.000000,0.000000,0.000000,0.000000,0.000000,0.000002,0.000083,0.002346,0.044267,0.002346,0.000083,0.000002,0.000000,0.000000,0.000000,0.000000,0.000000,0.000001,0.000014,0.000001,0.000000,0.000000,0.000000,0.000000,0.000000,0.000000,0.000000,0.000000,0.000000,0.000000,0.000000,0.000000,
0.000000,0.000000,0.000001,0.000014,0.000001,0.000000,0.000000,0.000000,0.000000,0.000000,0.000001,0.000014,0.000001,0.000000,0.000000,0.000000,0.000000,0.000000,0.000000,0.000000,0.000000,0.000000,0.000001,0.000055,0.002346,0.088424,2.501462,0.088424,0.002346,0.000055,0.000001,0.000000,0.000000,0.000000,0.000002,0.000055,0.000784,0.000055,0.000002,0.000000,0.000000,0.000000,0.000000,0.000000,0.000000,0.000000,0.000000,0.000000,0.000000,0.000000,
0.000000,0.000002,0.000055,0.000784,0.000055,0.000002,0.000000,0.000000,0.000000,0.000000,0.000000,0.000000,0.000000,0.000000,0.000000,0.000000,0.000000,0.000000,0.000000,0.000000,0.000000,0.000000,0.000014,0.000784,0.044267,2.501462,141.440624,2.501462,0.044267,0.000784,0.000014,0.000000,0.000000,0.000002,0.000083,0.002346,0.044267,0.002346,0.000083,0.000002,0.000000,0.000000,0.000000,0.000000,0.000000,0.000000,0.000000,0.000000,0.000000,0.000000,
0.000002,0.000083,0.002346,0.044267,0.002346,0.000083,0.000002,0.000000,0.000000,0.000000,0.000000,0.000000,0.000000,0.000000,0.000000,0.000000,0.000000,0.000000,0.000000,0.000000,0.000000,0.000000,0.000001,0.000055,0.002346,0.088424,2.501462,0.088424,0.002346,0.000055,0.000001,0.000000,0.000001,0.000055,0.002346,0.088424,2.501462,0.088424,0.002346,0.000055,0.000001,0.000000,0.000000,0.000000,0.000000,0.000000,0.000000,0.000000,0.000000,0.000000,
0.000055,0.002346,0.088424,2.501462,0.088424,0.002346,0.000055,0.000001,0.000000,0.000000,0.000000,0.000000,0.000000,0.000000,0.000000,0.000000,0.000000,0.000000,0.000000,0.000000,0.000000,0.000000,0.000000,0.000002,0.000083,0.002346,0.044267,0.002346,0.000083,0.000002,0.000000,0.000000,0.000014,0.000784,0.044267,2.501462,141.440624,2.501462,0.044267,0.000784,0.000014,0.000000,0.000000,0.000000,0.000000,0.000000,0.000000,0.000000,0.000000,0.000000,
0.000784,0.044267,2.501462,141.440624,2.501462,0.044267,0.000784,0.000014,0.000000,0.000000,0.000000,0.000000,0.000000,0.000000,0.000000,0.000000,0.000000,0.000000,0.000000,0.000000,0.000000,0.000000,0.000000,0.000000,0.000002,0.000055,0.000784,0.000055,0.000002,0.000000,0.000000,0.000000,0.000001,0.000055,0.002346,0.088424,2.501462,0.088424,0.002346,0.000055,0.000001,0.000000,0.000000,0.000000,0.000000,0.000000,0.000000,0.000000,0.000000,0.000000,
0.000055,0.002346,0.088424,2.501462,0.088424,0.002346,0.000055,0.000001,0.000000,0.000000,0.000000,0.000000,0.000000,0.000000,0.000000,0.000000,0.000000,0.000000,0.000000,0.000000,0.000000,0.000000,0.000000,0.000000,0.000000,0.000001,0.000014,0.000001,0.000000,0.000000,0.000000,0.000000,0.000000,0.000002,0.000083,0.002346,0.044267,0.002346,0.000083,0.000002,0.000000,0.000000,0.000000,0.000000,0.000000,0.000000,0.000000,0.000000,0.000000,0.000000,
0.000002,0.000083,0.002346,0.044267,0.002346,0.000083,0.000002,0.000000,0.000000,0.000000,0.000000,0.000000,0.000000,0.000000,0.000000,0.000000,0.000000,0.000000,0.000000,0.000000,0.000000,0.000000,0.000000,0.000000,0.000000,0.000000,0.000000,0.000000,0.000000,0.000000,0.000000,0.000000,0.000000,0.000000,0.000002,0.000055,0.000784,0.000055,0.000002,0.000000,0.000000,0.000000,0.000000,0.000000,0.000000,0.000000,0.000000,0.000000,0.000000,0.000000,
0.000000,0.000002,0.000055,0.000784,0.000055,0.000002,0.000000,0.000000,0.000000,0.000000,0.000000,0.000000,0.000000,0.000000,0.000000,0.000000,0.000000,0.000000,0.000000,0.000000,0.000000,0.000000,0.000000,0.000000,0.000000,0.000000,0.000000,0.000001,0.000014,0.000001,0.000000,0.000000,0.000000,0.000000,0.000000,0.000001,0.000014,0.000001,0.000000,0.000000,0.000000,0.000000,0.000000,0.000000,0.000000,0.000000,0.000000,0.000000,0.000000,0.000000,
0.000000,0.000000,0.000001,0.000014,0.000001,0.000000,0.000000,0.000000,0.000000,0.000000,0.000000,0.000000,0.000000,0.000000,0.000000,0.000000,0.000000,0.000000,0.000000,0.000000,0.000000,0.000000,0.000000,0.000000,0.000000,0.000000,0.000002,0.000055,0.000784,0.000055,0.000002,0.000000,0.000000,0.000000,0.000000,0.000000,0.000000,0.000000,0.000000,0.000000,0.000000,0.000000,0.000000,0.000000,0.000000,0.000000,0.000000,0.000000,0.000000,0.000000,
0.000000,0.000000,0.000000,0.000000,0.000000,0.000000,0.000000,0.000001,0.000014,0.000001,0.000000,0.000000,0.000000,0.000000,0.000000,0.000000,0.000000,0.000000,0.000000,0.000000,0.000000,0.000000,0.000000,0.000000,0.000000,0.000002,0.000083,0.002346,0.044267,0.002346,0.000083,0.000002,0.000000,0.000000,0.000000,0.000000,0.000000,0.000000,0.000001,0.000014,0.000001,0.000000,0.000000,0.000000,0.000000,0.000000,0.000000,0.000000,0.000000,0.000000,
0.000000,0.000000,0.000000,0.000000,0.000000,0.000000,0.000002,0.000055,0.000784,0.000055,0.000002,0.000000,0.000000,0.000000,0.000000,0.000000,0.000000,0.000000,0.000000,0.000000,0.000000,0.000000,0.000000,0.000000,0.000001,0.000055,0.002346,0.088424,2.501462,0.088424,0.002346,0.000055,0.000001,0.000000,0.000000,0.000000,0.000000,0.000002,0.000055,0.000784,0.000055,0.000002,0.000000,0.000000,0.000000,0.000000,0.000000,0.000000,0.000000,0.000000,
0.000000,0.000000,0.000000,0.000000,0.000000,0.000002,0.000083,0.002346,0.044267,0.002346,0.000083,0.000002,0.000000,0.000000,0.000000,0.000000,0.000000,0.000001,0.000014,0.000001,0.000000,0.000000,0.000000,0.000000,0.000014,0.000784,0.044267,2.501462,141.440624,2.501462,0.044267,0.000784,0.000014,0.000000,0.000000,0.000000,0.000002,0.000083,0.002346,0.044267,0.002346,0.000083,0.000002,0.000000,0.000000,0.000000,0.000000,0.000000,0.000001,0.000014,
0.000000,0.000000,0.000000,0.000000,0.000001,0.000055,0.002346,0.088424,2.501462,0.088424,0.002346,0.000055,0.000001,0.000000,0.000000,0.000000,0.000002,0.000055,0.000784,0.000055,0.000002,0.000000,0.000000,0.000000,0.000001,0.000055,0.002346,0.088424,2.501462,0.088424,0.002346,0.000055,0.000001,0.000000,0.000000,0.000001,0.000055,0.002346,0.088424,2.501462,0.088424,0.002346,0.000055,0.000001,0.000000,0.000000,0.000000,0.000002,0.000055,0.000781,
0.000000,0.000000,0.000000,0.000000,0.000014,0.000784,0.044267,2.501462,141.440624,2.501462,0.044267,0.000784,0.000014,0.000000,0.000000,0.000002,0.000083,0.002346,0.044267,0.002346,0.000083,0.000002,0.000000,0.000000,0.000000,0.000002,0.000083,0.002346,0.044267,0.002346,0.000083,0.000002,0.000000,0.000000,0.000000,0.000014,0.000784,0.044267,2.501462,141.440624,2.501462,0.044267,0.000784,0.000014,0.000000,0.000000,0.000002,0.000083,0.002343,0.044185,
0.000000,0.000000,0.000000,0.000000,0.000001,0.000055,0.002346,0.088424,2.501462,0.088424,0.002346,0.000055,0.000001,0.000000,0.000001,0.000055,0.002346,0.088424,2.501462,0.088424,0.002346,0.000055,0.000001,0.000000,0.000000,0.000000,0.000002,0.000055,0.000784,0.000055,0.000002,0.000000,0.000000,0.000000,0.000000,0.000001,0.000055,0.002346,0.088424,2.501462,0.088424,0.002346,0.000055,0.000001,0.000000,0.000001,0.000055,0.002344,0.088369,2.499116,
0.000000,0.000000,0.000000,0.000000,0.000000,0.000002,0.000083,0.002346,0.044267,0.002346,0.000083,0.000002,0.000000,0.000000,0.000014,0.000784,0.044267,2.501462,141.440624,2.501462,0.044267,0.000784,0.000014,0.000000,0.000000,0.000000,0.000000,0.000001,0.000014,0.000001,0.000000,0.000000,0.000000,0.000000,0.000000,0.000000,0.000002,0.000083,0.002346,0.044267,0.002346,0.000083,0.000002,0.000000,0.000000,0.000014,0.000784,0.044254,2.500678,141.396356,
0.000000,0.000000,0.000000,0.000000,0.000000,0.000000,0.000002,0.000055,0.000784,0.000055,0.000002,0.000000,0.000000,0.000000,0.000001,0.000055,0.002346,0.088424,2.501462,0.088424,0.002346,0.000055,0.000001,0.000000,0.000000,0.000000,0.000000,0.000000,0.000000,0.000000,0.000000,0.000000,0.000000,0.000000,0.000000,0.000000,0.000000,0.000002,0.000055,0.000784,0.000055,0.000002,0.000000,0.000000,0.000000,0.000001,0.000055,0.002344,0.088369,2.499116,
0.000000,0.000000,0.000000,0.000000,0.000000,0.000000,0.000000,0.000001,0.000014,0.000001,0.000000,0.000000,0.000000,0.000000,0.000000,0.000002,0.000083,0.002346,0.044267,0.002346,0.000083,0.000002,0.000000,0.000000,0.000000,0.000000,0.000000,0.000000,0.000000,0.000000,0.000000,0.000000,0.000000,0.000000,0.000000,0.000000,0.000000,0.000000,0.000001,0.000014,0.000001,0.000000,0.000000,0.000000,0.000000,0.000000,0.000002,0.000083,0.002343,0.044185,
0.000000,0.000000,0.000000,0.000000,0.000000,0.000000,0.000000,0.000000,0.000000,0.000001,0.000014,0.000001,0.000000,0.000000,0.000000,0.000000,0.000002,0.000055,0.000784,0.000055,0.000002,0.000000,0.000000,0.000000,0.000000,0.000000,0.000000,0.000000,0.000000,0.000000,0.000000,0.000000,0.000000,0.000000,0.000000,0.000000,0.000000,0.000000,0.000000,0.000000,0.000001,0.000014,0.000001,0.000000,0.000000,0.000000,0.000000,0.000002,0.000055,0.000781,
0.000000,0.000000,0.000000,0.000000,0.000000,0.000000,0.000000,0.000000,0.000002,0.000055,0.000784,0.000055,0.000002,0.000000,0.000000,0.000000,0.000000,0.000001,0.000014,0.000001,0.000000,0.000000,0.000000,0.000000,0.000000,0.000000,0.000000,0.000000,0.000000,0.000000,0.000000,0.000000,0.000000,0.000000,0.000000,0.000000,0.000000,0.000000,0.000000,0.000002,0.000055,0.000784,0.000055,0.000002,0.000000,0.000000,0.000000,0.000000,0.000001,0.000014,
0.000000,0.000000,0.000000,0.000000,0.000000,0.000000,0.000000,0.000002,0.000083,0.002344,0.044254,0.002344,0.000083,0.000002,0.000000,0.000000,0.000000,0.000000,0.000000,0.000000,0.000000,0.000000,0.000000,0.000000,0.000000,0.000000,0.000000,0.000000,0.000000,0.000000,0.000000,0.000000,0.000000,0.000000,0.000000,0.000000,0.000000,0.000000,0.000002,0.000083,0.002344,0.044254,0.002344,0.000083,0.000002,0.000000,0.000000,0.000000,0.000000,0.000000,
0.000000,0.000000,0.000000,0.000000,0.000000,0.000000,0.000001,0.000055,0.002343,0.088369,2.500678,0.088369,0.002343,0.000055,0.000001,0.000000,0.000000,0.000000,0.000000,0.000000,0.000000,0.000000,0.000000,0.000000,0.000000,0.000000,0.000000,0.000000,0.000000,0.000000,0.000000,0.000000,0.000000,0.000000,0.000000,0.000000,0.000000,0.000001,0.000055,0.002343,0.088369,2.500678,0.088369,0.002343,0.000055,0.000001,0.000000,0.000000,0.000000,0.000000,
0.000000,0.000000,0.000000,0.000000,0.000000,0.000000,0.000014,0.000781,0.044185,2.499116,141.396356,2.499116,0.044185,0.000781,0.000014,0.000000,0.000000,0.000000,0.000000,0.000000,0.000000,0.000000,0.000000,0.000000,0.000000,0.000000,0.000000,0.000000,0.000000,0.000000,0.000000,0.000000,0.000000,0.000000,0.000000,0.000000,0.000000,0.000014,0.000781,0.044185,2.499116,141.396356,2.499116,0.044185,0.000781,0.000014,0.000000,0.000000,0.000000,0.000000,
